00000000000000000000000000000000000000000000000000,
00000000000000000000000000000000000000000000000000,
00000000000000000000123000000000000000000000000000,
00000000000000000000000000000000000000000000000000,
00000000000000000000000000000000000000000000000000,
00000000000000000000000000000000000000000000000000,
00000000000000000000000000000000000000000000000000,
00000000000000000000000000000000000000000000000000,
00000000000000000000000000000000000000000000000000,
00000000000000000000000000000000000000000000000000,
00000000000000000000000000000000000000000000000000,
00000000000000000000000000000000000000000000000000,
00000000000000000000000000000000000000000000000000,
00000000000000000000000000000000000000000000000000,
00000000000000000000000000000000000000000000000000,
00000000000000000000000045600000000000000000000000,
00000000000000000000000000000000000000000000000000,
00000000000000000000000000000000000000000000000000,
00000000000000000000000000000000000000000000000000,
00000000000000000000000000000000000000000000000000,
00000000000000000000000000000000000000000000000000,
00000000000000000000000000000000000000000000000000,
00000000000000000000000000000000000000000000000000,
00000000000000000000000000000000000000000000000000,
00000000000000000000000000000000000000000000000000,
00000000000000000000000000000000000000000000000000,
00000000000000000000000000000000000000000000000000,
00000000000000000000000000000000000000000000000000,